
Distance between is =    1 (Ga), ia =    1 and
 is =    1 (Ga), ia =    1 :    0.000000000    
 is =    2 (As), ia =    1 :    5.196152423    

Distance between is =    2 (As), ia =    1 and
 is =    1 (Ga), ia =    1 :    5.196152423    
 is =    2 (As), ia =    1 :    0.000000000    
