
Distance between is =    1 (Si), ia =    1 and
 is =    1 (Si), ia =    1 :    0.000000000    
 is =    1 (Si), ia =    2 :    5.022947342    

Distance between is =    1 (Si), ia =    2 and
 is =    1 (Si), ia =    1 :    5.022947342    
 is =    1 (Si), ia =    2 :    0.000000000    
